Ratio=2.176264
Compute_time=60.055796676 MPI_Call_time=0.313707403 Recorder_time=0.007583809 Read_time=0.001591390 Write_time=0.005596085
All_time=60.384793497