Ratio=2.184069
Compute_time=60.078776520 MPI_Call_time=0.291357915 Recorder_time=0.007477445 Read_time=0.001667578 Write_time=0.005924875
All_time=60.385658690