Ratio=2.178783
Compute_time=60.058865946 MPI_Call_time=0.305239385 Recorder_time=0.010182689 Read_time=0.001625637 Write_time=0.009729727
All_time=60.386902877