Ratio=2.188901
Compute_time=60.043080148 MPI_Call_time=0.323184880 Recorder_time=0.006422316 Read_time=0.001622904 Write_time=0.009835990
All_time=60.384791740